-71.880109 20.000000 -41.500000
-71.168942 20.000000 -42.708098
-70.437473 20.000000 -43.904013
-69.685910 20.000000 -45.087403
-68.914468 20.000000 -46.257930
-68.123366 20.000000 -47.415262
-67.312830 20.000000 -48.559067
-66.483091 20.000000 -49.689019
-65.634386 20.000000 -50.804797
-64.766958 20.000000 -51.906081
-63.881053 20.000000 -52.992557
-62.976924 20.000000 -54.063916
-62.054830 20.000000 -55.119852
-61.115033 20.000000 -56.160064
-60.157801 20.000000 -57.184254
-59.183408 20.000000 -58.192132
-58.192132 20.000000 -59.183408
-57.184254 20.000000 -60.157801
-56.160064 20.000000 -61.115033
-55.119852 20.000000 -62.054830
-54.063916 20.000000 -62.976924
-52.992557 20.000000 -63.881053
-51.906081 20.000000 -64.766958
-50.804797 20.000000 -65.634386
-49.689019 20.000000 -66.483091
-48.559067 20.000000 -67.312830
-47.415262 20.000000 -68.123366
-46.257930 20.000000 -68.914468
-45.087403 20.000000 -69.685910
-43.904013 20.000000 -70.437473
-42.708098 20.000000 -71.168942
-41.500000 20.000000 -71.880109
-40.280063 20.000000 -72.570769
-39.048635 20.000000 -73.240727
-37.806067 20.000000 -73.889791
-36.552715 20.000000 -74.517777
-35.288934 20.000000 -75.124504
-34.015087 20.000000 -75.709800
-32.731536 20.000000 -76.273498
-31.438648 20.000000 -76.815438
-30.136790 20.000000 -77.335463
-28.826336 20.000000 -77.833427
-27.507658 20.000000 -78.309187
-26.181133 20.000000 -78.762607
-24.847139 20.000000 -79.193558
-23.506057 20.000000 -79.601918
-22.158269 20.000000 -79.987568
-20.804160 20.000000 -80.350401
-19.444116 20.000000 -80.690311
-18.078525 20.000000 -81.007203
-16.707777 20.000000 -81.300985
-15.332263 20.000000 -81.571574
-13.952374 20.000000 -81.818893
-12.568506 20.000000 -82.042871
-11.181051 20.000000 -82.243444
-9.790408 20.000000 -82.420555
-8.396971 20.000000 -82.574154
-7.001138 20.000000 -82.704196
-5.603309 20.000000 -82.810645
-4.203881 20.000000 -82.893470
-2.803254 20.000000 -82.952648
-1.401827 20.000000 -82.988161
-0.000000 20.000000 -83.000000
1.401827 20.000000 -82.988161
2.803254 20.000000 -82.952648
4.203881 20.000000 -82.893470
5.603309 20.000000 -82.810645
7.001138 20.000000 -82.704196
8.396971 20.000000 -82.574154
9.790408 20.000000 -82.420555
11.181051 20.000000 -82.243444
12.568506 20.000000 -82.042871
13.952374 20.000000 -81.818893
15.332263 20.000000 -81.571574
16.707777 20.000000 -81.300985
18.078525 20.000000 -81.007203
19.444116 20.000000 -80.690311
20.804160 20.000000 -80.350401
22.158269 20.000000 -79.987568
23.506057 20.000000 -79.601918
24.847139 20.000000 -79.193558
26.181133 20.000000 -78.762607
27.507658 20.000000 -78.309187
28.826336 20.000000 -77.833427
30.136790 20.000000 -77.335463
31.438648 20.000000 -76.815438
32.731536 20.000000 -76.273498
34.015087 20.000000 -75.709800
35.288934 20.000000 -75.124504
36.552715 20.000000 -74.517777
37.806067 20.000000 -73.889791
39.048635 20.000000 -73.240727
40.280063 20.000000 -72.570769
41.500000 20.000000 -71.880109
42.708098 20.000000 -71.168942
43.904013 20.000000 -70.437473
45.087403 20.000000 -69.685910
46.257930 20.000000 -68.914468
47.415262 20.000000 -68.123366
48.559067 20.000000 -67.312830
49.689019 20.000000 -66.483091
50.804797 20.000000 -65.634386
51.906081 20.000000 -64.766958
52.992557 20.000000 -63.881053
54.063916 20.000000 -62.976924
55.119852 20.000000 -62.054830
56.160064 20.000000 -61.115033
57.184254 20.000000 -60.157801
58.192132 20.000000 -59.183408
59.183408 20.000000 -58.192132
60.157801 20.000000 -57.184254
61.115033 20.000000 -56.160064
62.054830 20.000000 -55.119852
62.976924 20.000000 -54.063916
63.881053 20.000000 -52.992557
64.766958 20.000000 -51.906081
65.634386 20.000000 -50.804797
66.483091 20.000000 -49.689019
67.312830 20.000000 -48.559067
68.123366 20.000000 -47.415262
68.914468 20.000000 -46.257930
69.685910 20.000000 -45.087403
70.437473 20.000000 -43.904013
71.168942 20.000000 -42.708098
71.880109 20.000000 -41.500000
71.880109 20.000000 -41.500000
71.880109 20.806452 -41.500000
71.880109 21.612903 -41.500000
71.880109 22.419355 -41.500000
71.880109 23.225806 -41.500000
71.880109 24.032258 -41.500000
71.880109 24.838710 -41.500000
71.880109 25.645161 -41.500000
71.880109 26.451613 -41.500000
71.880109 27.258065 -41.500000
71.880109 28.064516 -41.500000
71.880109 28.870968 -41.500000
71.880109 29.677419 -41.500000
71.880109 30.483871 -41.500000
71.880109 31.290323 -41.500000
71.880109 32.096774 -41.500000
71.880109 32.903226 -41.500000
71.880109 33.709677 -41.500000
71.880109 34.516129 -41.500000
71.880109 35.322581 -41.500000
71.880109 36.129032 -41.500000
71.880109 36.935484 -41.500000
71.880109 37.741935 -41.500000
71.880109 38.548387 -41.500000
71.880109 39.354839 -41.500000
71.880109 40.161290 -41.500000
71.880109 40.967742 -41.500000
71.880109 41.774194 -41.500000
71.880109 42.580645 -41.500000
71.880109 43.387097 -41.500000
71.880109 44.193548 -41.500000
71.880109 45.000000 -41.500000
71.880109 45.806452 -41.500000
71.880109 46.612903 -41.500000
71.880109 47.419355 -41.500000
71.880109 48.225806 -41.500000
71.880109 49.032258 -41.500000
71.880109 49.838710 -41.500000
71.880109 50.645161 -41.500000
71.880109 51.451613 -41.500000
71.880109 52.258065 -41.500000
71.880109 53.064516 -41.500000
71.880109 53.870968 -41.500000
71.880109 54.677419 -41.500000
71.880109 55.483871 -41.500000
71.880109 56.290323 -41.500000
71.880109 57.096774 -41.500000
71.880109 57.903226 -41.500000
71.880109 58.709677 -41.500000
71.880109 59.516129 -41.500000
71.880109 60.322581 -41.500000
71.880109 61.129032 -41.500000
71.880109 61.935484 -41.500000
71.880109 62.741935 -41.500000
71.880109 63.548387 -41.500000
71.880109 64.354839 -41.500000
71.880109 65.161290 -41.500000
71.880109 65.967742 -41.500000
71.880109 66.774194 -41.500000
71.880109 67.580645 -41.500000
71.880109 68.387097 -41.500000
71.880109 69.193548 -41.500000
71.880109 70.000000 -41.500000
71.880109 70.806452 -41.500000
71.880109 71.612903 -41.500000
71.880109 72.419355 -41.500000
71.880109 73.225806 -41.500000
71.880109 74.032258 -41.500000
71.880109 74.838710 -41.500000
71.880109 75.645161 -41.500000
71.880109 76.451613 -41.500000
71.880109 77.258065 -41.500000
71.880109 78.064516 -41.500000
71.880109 78.870968 -41.500000
71.880109 79.677419 -41.500000
71.880109 80.483871 -41.500000
71.880109 81.290323 -41.500000
71.880109 82.096774 -41.500000
71.880109 82.903226 -41.500000
71.880109 83.709677 -41.500000
71.880109 84.516129 -41.500000
71.880109 85.322581 -41.500000
71.880109 86.129032 -41.500000
71.880109 86.935484 -41.500000
71.880109 87.741935 -41.500000
71.880109 88.548387 -41.500000
71.880109 89.354839 -41.500000
71.880109 90.161290 -41.500000
71.880109 90.967742 -41.500000
71.880109 91.774194 -41.500000
71.880109 92.580645 -41.500000
71.880109 93.387097 -41.500000
71.880109 94.193548 -41.500000
71.880109 95.000000 -41.500000
71.880109 95.806452 -41.500000
71.880109 96.612903 -41.500000
71.880109 97.419355 -41.500000
71.880109 98.225806 -41.500000
71.880109 99.032258 -41.500000
71.880109 99.838710 -41.500000
71.880109 100.645161 -41.500000
71.880109 101.451613 -41.500000
71.880109 102.258065 -41.500000
71.880109 103.064516 -41.500000
71.880109 103.870968 -41.500000
71.880109 104.677419 -41.500000
71.880109 105.483871 -41.500000
71.880109 106.290323 -41.500000
71.880109 107.096774 -41.500000
71.880109 107.903226 -41.500000
71.880109 108.709677 -41.500000
71.880109 109.516129 -41.500000
71.880109 110.322581 -41.500000
71.880109 111.129032 -41.500000
71.880109 111.935484 -41.500000
71.880109 112.741935 -41.500000
71.880109 113.548387 -41.500000
71.880109 114.354839 -41.500000
71.880109 115.161290 -41.500000
71.880109 115.967742 -41.500000
71.880109 116.774194 -41.500000
71.880109 117.580645 -41.500000
71.880109 118.387097 -41.500000
71.880109 119.193548 -41.500000
71.880109 120.000000 -41.500000
71.880109 120.000000 -41.500000
71.168942 120.000000 -42.708098
70.437473 120.000000 -43.904013
69.685910 120.000000 -45.087403
68.914468 120.000000 -46.257930
68.123366 120.000000 -47.415262
67.312830 120.000000 -48.559067
66.483091 120.000000 -49.689019
65.634386 120.000000 -50.804797
64.766958 120.000000 -51.906081
63.881053 120.000000 -52.992557
62.976924 120.000000 -54.063916
62.054830 120.000000 -55.119852
61.115033 120.000000 -56.160064
60.157801 120.000000 -57.184254
59.183408 120.000000 -58.192132
58.192132 120.000000 -59.183408
57.184254 120.000000 -60.157801
56.160064 120.000000 -61.115033
55.119852 120.000000 -62.054830
54.063916 120.000000 -62.976924
52.992557 120.000000 -63.881053
51.906081 120.000000 -64.766958
50.804797 120.000000 -65.634386
49.689019 120.000000 -66.483091
48.559067 120.000000 -67.312830
47.415262 120.000000 -68.123366
46.257930 120.000000 -68.914468
45.087403 120.000000 -69.685910
43.904013 120.000000 -70.437473
42.708098 120.000000 -71.168942
41.500000 120.000000 -71.880109
40.280063 120.000000 -72.570769
39.048635 120.000000 -73.240727
37.806067 120.000000 -73.889791
36.552715 120.000000 -74.517777
35.288934 120.000000 -75.124504
34.015087 120.000000 -75.709800
32.731536 120.000000 -76.273498
31.438648 120.000000 -76.815438
30.136790 120.000000 -77.335463
28.826336 120.000000 -77.833427
27.507658 120.000000 -78.309187
26.181133 120.000000 -78.762607
24.847139 120.000000 -79.193558
23.506057 120.000000 -79.601918
22.158269 120.000000 -79.987568
20.804160 120.000000 -80.350401
19.444116 120.000000 -80.690311
18.078525 120.000000 -81.007203
16.707777 120.000000 -81.300985
15.332263 120.000000 -81.571574
13.952374 120.000000 -81.818893
12.568506 120.000000 -82.042871
11.181051 120.000000 -82.243444
9.790408 120.000000 -82.420555
8.396971 120.000000 -82.574154
7.001138 120.000000 -82.704196
5.603309 120.000000 -82.810645
4.203881 120.000000 -82.893470
2.803254 120.000000 -82.952648
1.401827 120.000000 -82.988161
-0.000000 120.000000 -83.000000
-1.401827 120.000000 -82.988161
-2.803254 120.000000 -82.952648
-4.203881 120.000000 -82.893470
-5.603309 120.000000 -82.810645
-7.001138 120.000000 -82.704196
-8.396971 120.000000 -82.574154
-9.790408 120.000000 -82.420555
-11.181051 120.000000 -82.243444
-12.568506 120.000000 -82.042871
-13.952374 120.000000 -81.818893
-15.332263 120.000000 -81.571574
-16.707777 120.000000 -81.300985
-18.078525 120.000000 -81.007203
-19.444116 120.000000 -80.690311
-20.804160 120.000000 -80.350401
-22.158269 120.000000 -79.987568
-23.506057 120.000000 -79.601918
-24.847139 120.000000 -79.193558
-26.181133 120.000000 -78.762607
-27.507658 120.000000 -78.309187
-28.826336 120.000000 -77.833427
-30.136790 120.000000 -77.335463
-31.438648 120.000000 -76.815438
-32.731536 120.000000 -76.273498
-34.015087 120.000000 -75.709800
-35.288934 120.000000 -75.124504
-36.552715 120.000000 -74.517777
-37.806067 120.000000 -73.889791
-39.048635 120.000000 -73.240727
-40.280063 120.000000 -72.570769
-41.500000 120.000000 -71.880109
-42.708098 120.000000 -71.168942
-43.904013 120.000000 -70.437473
-45.087403 120.000000 -69.685910
-46.257930 120.000000 -68.914468
-47.415262 120.000000 -68.123366
-48.559067 120.000000 -67.312830
-49.689019 120.000000 -66.483091
-50.804797 120.000000 -65.634386
-51.906081 120.000000 -64.766958
-52.992557 120.000000 -63.881053
-54.063916 120.000000 -62.976924
-55.119852 120.000000 -62.054830
-56.160064 120.000000 -61.115033
-57.184254 120.000000 -60.157801
-58.192132 120.000000 -59.183408
-59.183408 120.000000 -58.192132
-60.157801 120.000000 -57.184254
-61.115033 120.000000 -56.160064
-62.054830 120.000000 -55.119852
-62.976924 120.000000 -54.063916
-63.881053 120.000000 -52.992557
-64.766958 120.000000 -51.906081
-65.634386 120.000000 -50.804797
-66.483091 120.000000 -49.689019
-67.312830 120.000000 -48.559067
-68.123366 120.000000 -47.415262
-68.914468 120.000000 -46.257930
-69.685910 120.000000 -45.087403
-70.437473 120.000000 -43.904013
-71.168942 120.000000 -42.708098
-71.880109 120.000000 -41.500000
-71.880109 120.000000 -41.500000
-71.880109 119.193548 -41.500000
-71.880109 118.387097 -41.500000
-71.880109 117.580645 -41.500000
-71.880109 116.774194 -41.500000
-71.880109 115.967742 -41.500000
-71.880109 115.161290 -41.500000
-71.880109 114.354839 -41.500000
-71.880109 113.548387 -41.500000
-71.880109 112.741935 -41.500000
-71.880109 111.935484 -41.500000
-71.880109 111.129032 -41.500000
-71.880109 110.322581 -41.500000
-71.880109 109.516129 -41.500000
-71.880109 108.709677 -41.500000
-71.880109 107.903226 -41.500000
-71.880109 107.096774 -41.500000
-71.880109 106.290323 -41.500000
-71.880109 105.483871 -41.500000
-71.880109 104.677419 -41.500000
-71.880109 103.870968 -41.500000
-71.880109 103.064516 -41.500000
-71.880109 102.258065 -41.500000
-71.880109 101.451613 -41.500000
-71.880109 100.645161 -41.500000
-71.880109 99.838710 -41.500000
-71.880109 99.032258 -41.500000
-71.880109 98.225806 -41.500000
-71.880109 97.419355 -41.500000
-71.880109 96.612903 -41.500000
-71.880109 95.806452 -41.500000
-71.880109 95.000000 -41.500000
-71.880109 94.193548 -41.500000
-71.880109 93.387097 -41.500000
-71.880109 92.580645 -41.500000
-71.880109 91.774194 -41.500000
-71.880109 90.967742 -41.500000
-71.880109 90.161290 -41.500000
-71.880109 89.354839 -41.500000
-71.880109 88.548387 -41.500000
-71.880109 87.741935 -41.500000
-71.880109 86.935484 -41.500000
-71.880109 86.129032 -41.500000
-71.880109 85.322581 -41.500000
-71.880109 84.516129 -41.500000
-71.880109 83.709677 -41.500000
-71.880109 82.903226 -41.500000
-71.880109 82.096774 -41.500000
-71.880109 81.290323 -41.500000
-71.880109 80.483871 -41.500000
-71.880109 79.677419 -41.500000
-71.880109 78.870968 -41.500000
-71.880109 78.064516 -41.500000
-71.880109 77.258065 -41.500000
-71.880109 76.451613 -41.500000
-71.880109 75.645161 -41.500000
-71.880109 74.838710 -41.500000
-71.880109 74.032258 -41.500000
-71.880109 73.225806 -41.500000
-71.880109 72.419355 -41.500000
-71.880109 71.612903 -41.500000
-71.880109 70.806452 -41.500000
-71.880109 70.000000 -41.500000
-71.880109 69.193548 -41.500000
-71.880109 68.387097 -41.500000
-71.880109 67.580645 -41.500000
-71.880109 66.774194 -41.500000
-71.880109 65.967742 -41.500000
-71.880109 65.161290 -41.500000
-71.880109 64.354839 -41.500000
-71.880109 63.548387 -41.500000
-71.880109 62.741935 -41.500000
-71.880109 61.935484 -41.500000
-71.880109 61.129032 -41.500000
-71.880109 60.322581 -41.500000
-71.880109 59.516129 -41.500000
-71.880109 58.709677 -41.500000
-71.880109 57.903226 -41.500000
-71.880109 57.096774 -41.500000
-71.880109 56.290323 -41.500000
-71.880109 55.483871 -41.500000
-71.880109 54.677419 -41.500000
-71.880109 53.870968 -41.500000
-71.880109 53.064516 -41.500000
-71.880109 52.258065 -41.500000
-71.880109 51.451613 -41.500000
-71.880109 50.645161 -41.500000
-71.880109 49.838710 -41.500000
-71.880109 49.032258 -41.500000
-71.880109 48.225806 -41.500000
-71.880109 47.419355 -41.500000
-71.880109 46.612903 -41.500000
-71.880109 45.806452 -41.500000
-71.880109 45.000000 -41.500000
-71.880109 44.193548 -41.500000
-71.880109 43.387097 -41.500000
-71.880109 42.580645 -41.500000
-71.880109 41.774194 -41.500000
-71.880109 40.967742 -41.500000
-71.880109 40.161290 -41.500000
-71.880109 39.354839 -41.500000
-71.880109 38.548387 -41.500000
-71.880109 37.741935 -41.500000
-71.880109 36.935484 -41.500000
-71.880109 36.129032 -41.500000
-71.880109 35.322581 -41.500000
-71.880109 34.516129 -41.500000
-71.880109 33.709677 -41.500000
-71.880109 32.903226 -41.500000
-71.880109 32.096774 -41.500000
-71.880109 31.290323 -41.500000
-71.880109 30.483871 -41.500000
-71.880109 29.677419 -41.500000
-71.880109 28.870968 -41.500000
-71.880109 28.064516 -41.500000
-71.880109 27.258065 -41.500000
-71.880109 26.451613 -41.500000
-71.880109 25.645161 -41.500000
-71.880109 24.838710 -41.500000
-71.880109 24.032258 -41.500000
-71.880109 23.225806 -41.500000
-71.880109 22.419355 -41.500000
-71.880109 21.612903 -41.500000
-71.880109 20.806452 -41.500000
-71.880109 20.000000 -41.500000
