0.9848231136790973 0.17356104045380674 0.01
0.9397531304731841 0.34185384854620343 0.02
0.8661580944054629 0.49977010264310245 0.03
0.7662718924682989 0.6425164486712008 0.04
0.6431264477253459 0.7657599964977133 0.05
0.5004596890082058 0.8657598394923444 0.060000000000000005
0.34260209067452196 0.9394806051566188 0.07
0.1743452263738964 0.9846845901305833 0.08
0.0007963267107334854 0.9999996829318346 0.09
-0.17277674447235564 0.9849610127154954 0.09999999999999999
-0.34110538963593956 0.9400250598581475 0.10999999999999999
-0.4990801993556198 0.8665558000562658 0.11999999999999998
-0.6419060421740327 0.7667833025180381 0.12999999999999998
-0.7652476149308935 0.6437360389496449 0.13999999999999999
-0.8653610355694582 0.5011489580136379 0.15
-0.93920748408127 0.34335011554640704 0.16
-0.9845454421577966 0.17512930173534288 0.17
-0.9999987317275395 0.00159265291648594 0.18000000000000002
-0.9850982871523308 -0.17199233892689533 0.19000000000000003
-0.9402963931390681 -0.34035671441835724 0.20000000000000004
-0.8669529561925522 -0.4983899795832524 0.21000000000000005
-0.7672942263226263 -0.6412952286209233 0.22000000000000006
-0.6443452219575333 -0.76473474809276 0.23000000000000007
-0.501837909222308 -0.8649616828897003 0.24000000000000007
-0.3440979226875097 -0.9389337674203333 0.25000000000000006
-0.1759132660409372 -0.9844056698489757 0.26000000000000006
-0.0023889781122806504 -0.999997146387718 0.2700000000000001
0.17120782431484233 -0.9852349369025533 0.2800000000000001
0.3396078233682144 -0.9405671301438849 0.2900000000000001
0.49769944376368924 -0.8673495625624736 0.3000000000000001
0.640684008399208 -0.7678046635580716 0.3100000000000001
0.7642213963085367 -0.6449539963627099 0.3200000000000001
0.8645617817063129 -0.5025265421973307 0.3300000000000001
0.9386594553473815 -0.34484551162362115 0.34000000000000014
0.9842652732927548 -0.17669711879354108 0.35000000000000014
0.9999949269133752 -0.0031853017931397667 0.36000000000000015
0.9853709618795082 0.17042320113368606 0.37000000000000016
0.9408372707009134 0.33885871696041125 0.38000000000000017
0.8677456189145264 0.49700859233482625 0.3900000000000002
0.768314613900685 0.6400723818964862 0.4000000000000002
0.6455623617791257 0.7637075599037613 0.4100000000000002
0.5032148565020159 0.8641613322728896 0.4200000000000002
0.3455928818806652 0.938384548036367 0.4300000000000002
0.1774808594960824 0.9841242525781649 0.4400000000000002
0.003981623454083292 0.9999920733059187 0.45000000000000023
-0.1696384698809872 0.9855063619969368 0.46000000000000024
-0.33810939566998643 0.9411068146388467 0.47000000000000025
-0.4963174257347605 0.868141124997555 0.48000000000000026
-0.6394603495006154 0.7688240770270861 0.49000000000000027
-0.7631932392042788 0.6461703178209909 0.5000000000000002
-0.8637603348433724 0.5039028516998739 0.5100000000000002
-0.9381090456616202 0.34634003298470134 0.5200000000000002
-0.9839826077946339 0.1782644876515557 0.5300000000000002
-0.9999885855671581 0.004777942590126735 0.5400000000000003
-0.9856411371689758 -0.16885363105437853 0.5500000000000003
-0.9413757617867555 -0.33735985997211587 0.5600000000000003
-0.8685360805607535 -0.49562594440178814 0.5700000000000003
-0.7693330526142051 -0.6388479115997083 0.5800000000000003
-0.6467778641027788 -0.7626784345362384 0.5900000000000003
-0.5045905273546241 -0.8633587896720473 0.6000000000000003
-0.34708696446193815 -0.9378329483978463 0.6100000000000003
-0.17904800276304003 -0.9838403390319825 0.6200000000000003
-0.005574258696303196 -0.999984463699305 0.6300000000000003
0.16806868515154783 -0.9857752873101607 0.6400000000000003
0.33661011034210153 -0.941644111974093 0.6500000000000004
0.49493414877439795 -0.8689304853536686 0.6600000000000004
0.6382350685821306 -0.7698415403392851 0.6700000000000004
0.7621631462260939 -0.6473850002392253 0.6800000000000004
0.8629566970135472 -0.5052778830301887 0.6900000000000004
0.9375562564201274 -0.3478336758387208 0.7000000000000004
0.9836974463804286 -0.17983140433368086 0.7100000000000004
0.9999797077049734 -0.006370571267639701 0.7200000000000004
0.9859088123354219 0.1672836326702578 0.7300000000000004
0.9419118650306885 0.33586014725538693 0.7400000000000004
0.8693243391261941 0.4942420392912827 0.7500000000000004
0.7703495398798753 0.6376218208365084 0.7600000000000005
0.647991725845323 0.7616473746006085 0.7700000000000005
0.5059649182906906 0.8625540571228535 0.7800000000000005
0.3485801666415326 0.9372789699039242 0.7900000000000005
0.1806146918666948 0.9835539299305854 0.8000000000000005
0.007166879799165517 0.999974317587179 0.8100000000000005
-0.16649847410833876 0.9860417121600865 0.8200000000000005
-0.3351099711875509 0.9421790207867499 0.8300000000000005
-0.49354961639133416 0.869717641628573 0.8400000000000005
-0.6370081687517243 0.7708570509138349 0.8500000000000005
-0.7611311199868516 0.6485980405363254 0.8600000000000005
-0.862150870255295 0.5066516327004557 0.8700000000000006
-0.9370010890250743 0.3493264363969965 0.8800000000000006
-0.9834097897734619 0.18139786486537074 0.8900000000000006
-0.99996829334934 0.007963183785912474 0.9000000000000006
-0.9861739866998777 -0.16571320996368827 0.9100000000000006
-0.9424455790728641 -0.3343595826143074 0.9200000000000006
-0.8701103926113987 -0.49285688051364124 0.9300000000000006
-0.7713640731193351 -0.6363941127169147 0.9400000000000006
-0.6492039439277504 -0.7606143827121956 0.9500000000000006
-0.5073380258240195 -0.8617471366665436 0.9600000000000006
-0.3500724846318842 -0.9367226139597886 0.9700000000000006
-0.1821809228330807 -0.983265026000461 0.9800000000000006
-0.008759482722927718 -0.9999616349952766 0.9900000000000007
0.16492784073425684 -0.9863056358709179 1.0000000000000007
